# vtk DataFile Version 2.0
Unstructured Grid /home/joacaldo/memoria/data/out_tamara/c_sep_0.884_s2
ASCII

DATASET UNSTRUCTURED_GRID
Points 353 float
 -3.50000000E-02 -3.50000000E-02 -1.75000000E+00 -3.50000000E-02 -3.50000000E-02 -8.66250000E-01
 +8.48750000E-01 -3.50000000E-02 -8.66250000E-01 +8.48750000E-01 -3.50000000E-02 -1.75000000E+00
 -3.50000000E-02 +8.48750000E-01 -1.75000000E+00 -3.50000000E-02 +8.48750000E-01 -8.66250000E-01
 +8.48750000E-01 +8.48750000E-01 -8.66250000E-01 +8.48750000E-01 +8.48750000E-01 -1.75000000E+00
 -3.50000000E-02 -3.50000000E-02 +1.75000000E-02 +8.48750000E-01 -3.50000000E-02 +1.75000000E-02
 -3.50000000E-02 +8.48750000E-01 +1.75000000E-02 +8.48750000E-01 +8.48750000E-01 +1.75000000E-02
 +1.73250000E+00 -3.50000000E-02 +1.75000000E-02 +1.73250000E+00 -3.50000000E-02 -8.66250000E-01
 +1.73250000E+00 +8.48750000E-01 +1.75000000E-02 +1.73250000E+00 +8.48750000E-01 -8.66250000E-01
 +1.73250000E+00 -3.50000000E-02 -1.75000000E+00 +1.73250000E+00 +8.48750000E-01 -1.75000000E+00
 -3.50000000E-02 +1.73250000E+00 -1.75000000E+00 -3.50000000E-02 +1.73250000E+00 -8.66250000E-01
 +8.48750000E-01 +1.73250000E+00 -8.66250000E-01 +8.48750000E-01 +1.73250000E+00 -1.75000000E+00
 -3.50000000E-02 +1.73250000E+00 +1.75000000E-02 +8.48750000E-01 +1.73250000E+00 +1.75000000E-02
 +1.73250000E+00 +1.73250000E+00 +1.75000000E-02 +2.00000000E+00 +2.00000000E+00 -8.66250000E-01
 +2.00000000E+00 +2.00000000E+00 -1.75000000E+00 -3.50000000E-02 -3.50000000E-02 -3.51750000E+00
 -3.50000000E-02 -3.50000000E-02 -2.63375000E+00 +8.48750000E-01 -3.50000000E-02 -2.63375000E+00
 +8.48750000E-01 -3.50000000E-02 -3.51750000E+00 -3.50000000E-02 +8.48750000E-01 -3.51750000E+00
 -3.50000000E-02 +8.48750000E-01 -2.63375000E+00 +8.48750000E-01 +8.48750000E-01 -2.63375000E+00
 +8.48750000E-01 +8.48750000E-01 -3.51750000E+00 +1.73250000E+00 -3.50000000E-02 -2.63375000E+00
 +1.73250000E+00 +8.48750000E-01 -2.63375000E+00 +1.73250000E+00 -3.50000000E-02 -3.51750000E+00
 +1.73250000E+00 +8.48750000E-01 -3.51750000E+00 -3.50000000E-02 +1.73250000E+00 -3.51750000E+00
 -3.50000000E-02 +1.73250000E+00 -2.63375000E+00 +8.48750000E-01 +1.73250000E+00 -2.63375000E+00
 +8.48750000E-01 +1.73250000E+00 -3.51750000E+00 +2.00000000E+00 +2.00000000E+00 -2.63375000E+00
 +1.73250000E+00 +1.73250000E+00 -3.51750000E+00 +2.61625000E+00 -3.50000000E-02 -2.63375000E+00
 +2.61625000E+00 -3.50000000E-02 -3.51750000E+00 +2.61625000E+00 +8.48750000E-01 -2.63375000E+00
 +2.61625000E+00 +8.48750000E-01 -3.51750000E+00 +2.61625000E+00 -3.50000000E-02 -1.75000000E+00
 +2.61625000E+00 +8.48750000E-01 -1.75000000E+00 +3.50000000E+00 -3.50000000E-02 -1.75000000E+00
 +3.50000000E+00 -3.50000000E-02 -2.63375000E+00 +3.50000000E+00 +8.48750000E-01 -1.75000000E+00
 +3.50000000E+00 +8.48750000E-01 -2.63375000E+00 +3.50000000E+00 -3.50000000E-02 -3.51750000E+00
 +3.50000000E+00 +8.48750000E-01 -3.51750000E+00 +2.61625000E+00 +2.00000000E+00 -2.63375000E+00
 +2.61625000E+00 +1.73250000E+00 -3.51750000E+00 +2.61625000E+00 +2.00000000E+00 -1.75000000E+00
 +3.50000000E+00 +2.00000000E+00 -1.75000000E+00 +3.50000000E+00 +2.00000000E+00 -2.63375000E+00
 +3.50000000E+00 +1.73250000E+00 -3.51750000E+00 +2.61625000E+00 -3.50000000E-02 -8.66250000E-01
 +2.61625000E+00 +8.48750000E-01 -8.66250000E-01 +2.61625000E+00 -3.50000000E-02 +1.75000000E-02
 +2.61625000E+00 +8.48750000E-01 +1.75000000E-02 +3.50000000E+00 -3.50000000E-02 +1.75000000E-02
 +3.50000000E+00 -3.50000000E-02 -8.66250000E-01 +3.50000000E+00 +8.48750000E-01 +1.75000000E-02
 +3.50000000E+00 +8.48750000E-01 -8.66250000E-01 +2.61625000E+00 +2.00000000E+00 -8.66250000E-01
 +2.61625000E+00 +1.73250000E+00 +1.75000000E-02 +3.50000000E+00 +1.73250000E+00 +1.75000000E-02
 +3.50000000E+00 +2.00000000E+00 -8.66250000E-01 +4.38375000E+00 -3.50000000E-02 -8.66250000E-01
 +4.38375000E+00 -3.50000000E-02 -1.75000000E+00 +4.38375000E+00 +8.48750000E-01 -8.66250000E-01
 +4.38375000E+00 +8.48750000E-01 -1.75000000E+00 +4.38375000E+00 -3.50000000E-02 +1.75000000E-02
 +4.38375000E+00 +8.48750000E-01 +1.75000000E-02 +5.26750000E+00 -3.50000000E-02 +1.75000000E-02
 +5.26750000E+00 -3.50000000E-02 -8.66250000E-01 +5.26750000E+00 +8.48750000E-01 +1.75000000E-02
 +5.26750000E+00 +8.48750000E-01 -8.66250000E-01 +5.26750000E+00 -3.50000000E-02 -1.75000000E+00
 +5.26750000E+00 +8.48750000E-01 -1.75000000E+00 +4.38375000E+00 +2.00000000E+00 -8.66250000E-01
 +4.38375000E+00 +2.00000000E+00 -1.75000000E+00 +4.38375000E+00 +1.73250000E+00 +1.75000000E-02
 +5.26750000E+00 +1.73250000E+00 +1.75000000E-02 +5.00000000E+00 +2.00000000E+00 -8.66250000E-01
 +5.00000000E+00 +2.00000000E+00 -1.75000000E+00 +4.38375000E+00 -3.50000000E-02 -2.63375000E+00
 +4.38375000E+00 -3.50000000E-02 -3.51750000E+00 +4.38375000E+00 +8.48750000E-01 -2.63375000E+00
 +4.38375000E+00 +8.48750000E-01 -3.51750000E+00 +5.26750000E+00 -3.50000000E-02 -2.63375000E+00
 +5.26750000E+00 +8.48750000E-01 -2.63375000E+00 +5.26750000E+00 -3.50000000E-02 -3.51750000E+00
 +5.26750000E+00 +8.48750000E-01 -3.51750000E+00 +4.38375000E+00 +2.00000000E+00 -2.63375000E+00
 +4.38375000E+00 +1.73250000E+00 -3.51750000E+00 +5.00000000E+00 +2.00000000E+00 -2.63375000E+00
 +5.26750000E+00 +1.73250000E+00 -3.51750000E+00 +6.15125000E+00 -3.50000000E-02 -2.63375000E+00
 +6.15125000E+00 -3.50000000E-02 -3.51750000E+00 +6.15125000E+00 +8.48750000E-01 -2.63375000E+00
 +6.15125000E+00 +8.48750000E-01 -3.51750000E+00 +6.15125000E+00 -3.50000000E-02 -1.75000000E+00
 +6.15125000E+00 +8.48750000E-01 -1.75000000E+00 +7.03500000E+00 -3.50000000E-02 -1.75000000E+00
 +7.03500000E+00 -3.50000000E-02 -2.63375000E+00 +7.03500000E+00 +8.48750000E-01 -1.75000000E+00
 +7.03500000E+00 +8.48750000E-01 -2.63375000E+00 +7.03500000E+00 -3.50000000E-02 -3.51750000E+00
 +7.03500000E+00 +8.48750000E-01 -3.51750000E+00 +6.15125000E+00 +1.73250000E+00 -2.63375000E+00
 +6.15125000E+00 +1.73250000E+00 -3.51750000E+00 +6.15125000E+00 +1.73250000E+00 -1.75000000E+00
 +7.03500000E+00 +1.73250000E+00 -1.75000000E+00 +7.03500000E+00 +1.73250000E+00 -2.63375000E+00
 +7.03500000E+00 +1.73250000E+00 -3.51750000E+00 +6.15125000E+00 -3.50000000E-02 -8.66250000E-01
 +6.15125000E+00 +8.48750000E-01 -8.66250000E-01 +6.15125000E+00 -3.50000000E-02 +1.75000000E-02
 +6.15125000E+00 +8.48750000E-01 +1.75000000E-02 +7.03500000E+00 -3.50000000E-02 +1.75000000E-02
 +7.03500000E+00 -3.50000000E-02 -8.66250000E-01 +7.03500000E+00 +8.48750000E-01 +1.75000000E-02
 +7.03500000E+00 +8.48750000E-01 -8.66250000E-01 +6.15125000E+00 +1.73250000E+00 -8.66250000E-01
 +6.15125000E+00 +1.73250000E+00 +1.75000000E-02 +7.03500000E+00 +1.73250000E+00 +1.75000000E-02
 +7.03500000E+00 +1.73250000E+00 -8.66250000E-01 -3.50000000E-02 +2.61625000E+00 -1.75000000E+00
 -3.50000000E-02 +2.61625000E+00 -8.66250000E-01 +8.48750000E-01 +2.61625000E+00 -8.66250000E-01
 +8.48750000E-01 +2.61625000E+00 -1.75000000E+00 -3.50000000E-02 +2.61625000E+00 +1.75000000E-02
 +8.48750000E-01 +2.61625000E+00 +1.75000000E-02 +1.73250000E+00 +2.61625000E+00 +1.75000000E-02
 +2.00000000E+00 +2.61625000E+00 -8.66250000E-01 +2.00000000E+00 +2.61625000E+00 -1.75000000E+00
 -3.50000000E-02 +3.50000000E+00 -1.75000000E+00 -3.50000000E-02 +3.50000000E+00 -8.66250000E-01
 +8.48750000E-01 +3.50000000E+00 -8.66250000E-01 +8.48750000E-01 +3.50000000E+00 -1.75000000E+00
 -3.50000000E-02 +3.50000000E+00 +1.75000000E-02 +8.48750000E-01 +3.50000000E+00 +1.75000000E-02
 +1.73250000E+00 +3.50000000E+00 +1.75000000E-02 +2.00000000E+00 +3.50000000E+00 -8.66250000E-01
 +2.00000000E+00 +3.50000000E+00 -1.75000000E+00 -3.50000000E-02 +2.61625000E+00 -3.51750000E+00
 -3.50000000E-02 +2.61625000E+00 -2.63375000E+00 +8.48750000E-01 +2.61625000E+00 -2.63375000E+00
 +8.48750000E-01 +2.61625000E+00 -3.51750000E+00 +2.00000000E+00 +2.61625000E+00 -2.63375000E+00
 +1.73250000E+00 +2.61625000E+00 -3.51750000E+00 -3.50000000E-02 +3.50000000E+00 -3.51750000E+00
 -3.50000000E-02 +3.50000000E+00 -2.63375000E+00 +8.48750000E-01 +3.50000000E+00 -2.63375000E+00
 +8.48750000E-01 +3.50000000E+00 -3.51750000E+00 +2.00000000E+00 +3.50000000E+00 -2.63375000E+00
 +1.73250000E+00 +3.50000000E+00 -3.51750000E+00 -3.50000000E-02 +4.38375000E+00 -1.75000000E+00
 -3.50000000E-02 +4.38375000E+00 -8.66250000E-01 +8.48750000E-01 +4.38375000E+00 -8.66250000E-01
 +8.48750000E-01 +4.38375000E+00 -1.75000000E+00 -3.50000000E-02 +4.38375000E+00 +1.75000000E-02
 +8.48750000E-01 +4.38375000E+00 +1.75000000E-02 +1.73250000E+00 +4.38375000E+00 +1.75000000E-02
 +2.00000000E+00 +4.38375000E+00 -8.66250000E-01 +2.00000000E+00 +4.38375000E+00 -1.75000000E+00
 -3.50000000E-02 +5.26750000E+00 -1.75000000E+00 -3.50000000E-02 +5.26750000E+00 -8.66250000E-01
 +8.48750000E-01 +5.26750000E+00 -8.66250000E-01 +8.48750000E-01 +5.26750000E+00 -1.75000000E+00
 -3.50000000E-02 +5.26750000E+00 +1.75000000E-02 +8.48750000E-01 +5.26750000E+00 +1.75000000E-02
 +1.73250000E+00 +5.26750000E+00 +1.75000000E-02 +2.00000000E+00 +5.00000000E+00 -8.66250000E-01
 +2.00000000E+00 +5.00000000E+00 -1.75000000E+00 -3.50000000E-02 +4.38375000E+00 -3.51750000E+00
 -3.50000000E-02 +4.38375000E+00 -2.63375000E+00 +8.48750000E-01 +4.38375000E+00 -2.63375000E+00
 +8.48750000E-01 +4.38375000E+00 -3.51750000E+00 +2.00000000E+00 +4.38375000E+00 -2.63375000E+00
 +1.73250000E+00 +4.38375000E+00 -3.51750000E+00 -3.50000000E-02 +5.26750000E+00 -3.51750000E+00
 -3.50000000E-02 +5.26750000E+00 -2.63375000E+00 +8.48750000E-01 +5.26750000E+00 -2.63375000E+00
 +8.48750000E-01 +5.26750000E+00 -3.51750000E+00 +2.00000000E+00 +5.00000000E+00 -2.63375000E+00
 +1.73250000E+00 +5.26750000E+00 -3.51750000E+00 +5.26750000E+00 +2.61625000E+00 -3.51750000E+00
 +5.00000000E+00 +2.61625000E+00 -2.63375000E+00 +6.15125000E+00 +3.05800000E+00 -2.63375000E+00
 +6.15125000E+00 +2.61625000E+00 -3.51750000E+00 +5.00000000E+00 +2.61625000E+00 -1.75000000E+00
 +6.15125000E+00 +3.05800000E+00 -1.75000000E+00 +7.03500000E+00 +2.61625000E+00 -1.75000000E+00
 +7.03500000E+00 +2.61625000E+00 -2.63375000E+00 +7.03500000E+00 +2.61625000E+00 -3.51750000E+00
 +5.26750000E+00 +3.50000000E+00 -3.51750000E+00 +5.26750000E+00 +3.50000000E+00 -2.63375000E+00
 +6.15125000E+00 +3.50000000E+00 -2.63375000E+00 +6.15125000E+00 +3.50000000E+00 -3.51750000E+00
 +5.00000000E+00 +2.61625000E+00 -8.66250000E-01 +6.15125000E+00 +3.05800000E+00 -8.66250000E-01
 +5.26750000E+00 +2.61625000E+00 +1.75000000E-02 +6.15125000E+00 +2.61625000E+00 +1.75000000E-02
 +7.03500000E+00 +2.61625000E+00 +1.75000000E-02 +7.03500000E+00 +2.61625000E+00 -8.66250000E-01
 +5.26750000E+00 +3.50000000E+00 -8.66250000E-01 +5.26750000E+00 +3.50000000E+00 +1.75000000E-02
 +6.15125000E+00 +3.50000000E+00 +1.75000000E-02 +6.15125000E+00 +3.50000000E+00 -8.66250000E-01
 +5.26750000E+00 +4.38375000E+00 -3.51750000E+00 +5.00000000E+00 +4.38375000E+00 -2.63375000E+00
 +6.15125000E+00 +3.94200000E+00 -2.63375000E+00 +6.15125000E+00 +4.38375000E+00 -3.51750000E+00
 +5.26750000E+00 +5.26750000E+00 -3.51750000E+00 +5.00000000E+00 +5.00000000E+00 -2.63375000E+00
 +6.15125000E+00 +5.26750000E+00 -2.63375000E+00 +6.15125000E+00 +5.26750000E+00 -3.51750000E+00
 +5.00000000E+00 +4.38375000E+00 -1.75000000E+00 +6.15125000E+00 +3.94200000E+00 -1.75000000E+00
 +5.00000000E+00 +5.00000000E+00 -1.75000000E+00 +6.15125000E+00 +5.26750000E+00 -1.75000000E+00
 +7.03500000E+00 +4.38375000E+00 -1.75000000E+00 +7.03500000E+00 +4.38375000E+00 -2.63375000E+00
 +7.03500000E+00 +5.26750000E+00 -1.75000000E+00 +7.03500000E+00 +5.26750000E+00 -2.63375000E+00
 +7.03500000E+00 +4.38375000E+00 -3.51750000E+00 +7.03500000E+00 +5.26750000E+00 -3.51750000E+00
 +5.00000000E+00 +4.38375000E+00 -8.66250000E-01 +5.26750000E+00 +4.38375000E+00 +1.75000000E-02
 +6.15125000E+00 +4.38375000E+00 +1.75000000E-02 +6.15125000E+00 +3.94200000E+00 -8.66250000E-01
 +5.00000000E+00 +5.00000000E+00 -8.66250000E-01 +6.15125000E+00 +5.26750000E+00 -8.66250000E-01
 +5.26750000E+00 +5.26750000E+00 +1.75000000E-02 +6.15125000E+00 +5.26750000E+00 +1.75000000E-02
 +7.03500000E+00 +4.38375000E+00 +1.75000000E-02 +7.03500000E+00 +4.38375000E+00 -8.66250000E-01
 +7.03500000E+00 +5.26750000E+00 +1.75000000E-02 +7.03500000E+00 +5.26750000E+00 -8.66250000E-01
 -3.50000000E-02 +6.15125000E+00 -1.75000000E+00 -3.50000000E-02 +6.15125000E+00 -8.66250000E-01
 +8.48750000E-01 +6.15125000E+00 -8.66250000E-01 +8.48750000E-01 +6.15125000E+00 -1.75000000E+00
 -3.50000000E-02 +6.15125000E+00 +1.75000000E-02 +8.48750000E-01 +6.15125000E+00 +1.75000000E-02
 +1.73250000E+00 +6.15125000E+00 +1.75000000E-02 +1.73250000E+00 +6.15125000E+00 -8.66250000E-01
 +1.73250000E+00 +6.15125000E+00 -1.75000000E+00 -3.50000000E-02 +7.03500000E+00 -1.75000000E+00
 -3.50000000E-02 +7.03500000E+00 -8.66250000E-01 +8.48750000E-01 +7.03500000E+00 -8.66250000E-01
 +8.48750000E-01 +7.03500000E+00 -1.75000000E+00 -3.50000000E-02 +7.03500000E+00 +1.75000000E-02
 +8.48750000E-01 +7.03500000E+00 +1.75000000E-02 +1.73250000E+00 +7.03500000E+00 +1.75000000E-02
 +1.73250000E+00 +7.03500000E+00 -8.66250000E-01 +1.73250000E+00 +7.03500000E+00 -1.75000000E+00
 -3.50000000E-02 +6.15125000E+00 -3.51750000E+00 -3.50000000E-02 +6.15125000E+00 -2.63375000E+00
 +8.48750000E-01 +6.15125000E+00 -2.63375000E+00 +8.48750000E-01 +6.15125000E+00 -3.51750000E+00
 +1.73250000E+00 +6.15125000E+00 -2.63375000E+00 +1.73250000E+00 +6.15125000E+00 -3.51750000E+00
 -3.50000000E-02 +7.03500000E+00 -3.51750000E+00 -3.50000000E-02 +7.03500000E+00 -2.63375000E+00
 +8.48750000E-01 +7.03500000E+00 -2.63375000E+00 +8.48750000E-01 +7.03500000E+00 -3.51750000E+00
 +1.73250000E+00 +7.03500000E+00 -2.63375000E+00 +1.73250000E+00 +7.03500000E+00 -3.51750000E+00
 +2.61625000E+00 +5.00000000E+00 -2.63375000E+00 +2.61625000E+00 +5.26750000E+00 -3.51750000E+00
 +2.61625000E+00 +6.15125000E+00 -2.63375000E+00 +2.61625000E+00 +6.15125000E+00 -3.51750000E+00
 +2.61625000E+00 +5.00000000E+00 -1.75000000E+00 +2.61625000E+00 +6.15125000E+00 -1.75000000E+00
 +3.50000000E+00 +5.00000000E+00 -1.75000000E+00 +3.50000000E+00 +5.00000000E+00 -2.63375000E+00
 +3.50000000E+00 +6.15125000E+00 -1.75000000E+00 +3.50000000E+00 +6.15125000E+00 -2.63375000E+00
 +3.50000000E+00 +5.26750000E+00 -3.51750000E+00 +3.50000000E+00 +6.15125000E+00 -3.51750000E+00
 +2.61625000E+00 +7.03500000E+00 -2.63375000E+00 +2.61625000E+00 +7.03500000E+00 -3.51750000E+00
 +2.61625000E+00 +7.03500000E+00 -1.75000000E+00 +3.50000000E+00 +7.03500000E+00 -1.75000000E+00
 +3.50000000E+00 +7.03500000E+00 -2.63375000E+00 +3.50000000E+00 +7.03500000E+00 -3.51750000E+00
 +2.61625000E+00 +5.00000000E+00 -8.66250000E-01 +2.61625000E+00 +6.15125000E+00 -8.66250000E-01
 +2.61625000E+00 +5.26750000E+00 +1.75000000E-02 +2.61625000E+00 +6.15125000E+00 +1.75000000E-02
 +3.50000000E+00 +5.26750000E+00 +1.75000000E-02 +3.50000000E+00 +5.00000000E+00 -8.66250000E-01
 +3.50000000E+00 +6.15125000E+00 +1.75000000E-02 +3.50000000E+00 +6.15125000E+00 -8.66250000E-01
 +2.61625000E+00 +7.03500000E+00 -8.66250000E-01 +2.61625000E+00 +7.03500000E+00 +1.75000000E-02
 +3.50000000E+00 +7.03500000E+00 +1.75000000E-02 +3.50000000E+00 +7.03500000E+00 -8.66250000E-01
 +4.38375000E+00 +5.00000000E+00 -8.66250000E-01 +4.38375000E+00 +5.00000000E+00 -1.75000000E+00
 +4.38375000E+00 +6.15125000E+00 -8.66250000E-01 +4.38375000E+00 +6.15125000E+00 -1.75000000E+00
 +4.38375000E+00 +5.26750000E+00 +1.75000000E-02 +4.38375000E+00 +6.15125000E+00 +1.75000000E-02
 +5.26750000E+00 +6.15125000E+00 +1.75000000E-02 +5.26750000E+00 +6.15125000E+00 -8.66250000E-01
 +5.26750000E+00 +6.15125000E+00 -1.75000000E+00 +4.38375000E+00 +7.03500000E+00 -8.66250000E-01
 +4.38375000E+00 +7.03500000E+00 -1.75000000E+00 +4.38375000E+00 +7.03500000E+00 +1.75000000E-02
 +5.26750000E+00 +7.03500000E+00 +1.75000000E-02 +5.26750000E+00 +7.03500000E+00 -8.66250000E-01
 +5.26750000E+00 +7.03500000E+00 -1.75000000E+00 +4.38375000E+00 +5.00000000E+00 -2.63375000E+00
 +4.38375000E+00 +5.26750000E+00 -3.51750000E+00 +4.38375000E+00 +6.15125000E+00 -2.63375000E+00
 +4.38375000E+00 +6.15125000E+00 -3.51750000E+00 +5.26750000E+00 +6.15125000E+00 -2.63375000E+00
 +5.26750000E+00 +6.15125000E+00 -3.51750000E+00 +4.38375000E+00 +7.03500000E+00 -2.63375000E+00
 +4.38375000E+00 +7.03500000E+00 -3.51750000E+00 +5.26750000E+00 +7.03500000E+00 -2.63375000E+00
 +5.26750000E+00 +7.03500000E+00 -3.51750000E+00 +6.15125000E+00 +6.15125000E+00 -2.63375000E+00
 +6.15125000E+00 +6.15125000E+00 -3.51750000E+00 +6.15125000E+00 +6.15125000E+00 -1.75000000E+00
 +7.03500000E+00 +6.15125000E+00 -1.75000000E+00 +7.03500000E+00 +6.15125000E+00 -2.63375000E+00
 +7.03500000E+00 +6.15125000E+00 -3.51750000E+00 +6.15125000E+00 +7.03500000E+00 -2.63375000E+00
 +6.15125000E+00 +7.03500000E+00 -3.51750000E+00 +6.15125000E+00 +7.03500000E+00 -1.75000000E+00
 +7.03500000E+00 +7.03500000E+00 -1.75000000E+00 +7.03500000E+00 +7.03500000E+00 -2.63375000E+00
 +7.03500000E+00 +7.03500000E+00 -3.51750000E+00 +6.15125000E+00 +6.15125000E+00 -8.66250000E-01
 +6.15125000E+00 +6.15125000E+00 +1.75000000E-02 +7.03500000E+00 +6.15125000E+00 +1.75000000E-02
 +7.03500000E+00 +6.15125000E+00 -8.66250000E-01 +6.15125000E+00 +7.03500000E+00 -8.66250000E-01
 +6.15125000E+00 +7.03500000E+00 +1.75000000E-02 +7.03500000E+00 +7.03500000E+00 +1.75000000E-02
 +7.03500000E+00 +7.03500000E+00 -8.66250000E-01

CELLS 180 1620
8 0 1 2 3 4 5 6 7
8 1 8 9 2 5 10 11 6
8 2 9 12 13 6 11 14 15
8 3 2 13 16 7 6 15 17
8 4 5 6 7 18 19 20 21
8 5 10 11 6 19 22 23 20
8 6 11 14 15 20 23 24 25
8 7 6 15 17 21 20 25 26
8 27 28 29 30 31 32 33 34
8 28 0 3 29 32 4 7 33
8 29 3 16 35 33 7 17 36
8 30 29 35 37 34 33 36 38
8 31 32 33 34 39 40 41 42
8 32 4 7 33 40 18 21 41
8 33 7 17 36 41 21 26 43
8 34 33 36 38 42 41 43 44
8 37 35 45 46 38 36 47 48
8 35 16 49 45 36 17 50 47
8 45 49 51 52 47 50 53 54
8 46 45 52 55 48 47 54 56
8 38 36 47 48 44 43 57 58
8 36 17 50 47 43 26 59 57
8 47 50 53 54 57 59 60 61
8 48 47 54 56 58 57 61 62
8 16 13 63 49 17 15 64 50
8 13 12 65 63 15 14 66 64
8 63 65 67 68 64 66 69 70
8 49 63 68 51 50 64 70 53
8 17 15 64 50 26 25 71 59
8 15 14 66 64 25 24 72 71
8 64 66 69 70 71 72 73 74
8 50 64 70 53 59 71 74 60
8 51 68 75 76 53 70 77 78
8 68 67 79 75 70 69 80 77
8 75 79 81 82 77 80 83 84
8 76 75 82 85 78 77 84 86
8 53 70 77 78 60 74 87 88
8 70 69 80 77 74 73 89 87
8 77 80 83 84 87 89 90 91
8 78 77 84 86 88 87 91 92
8 55 52 93 94 56 54 95 96
8 52 51 76 93 54 53 78 95
8 93 76 85 97 95 78 86 98
8 94 93 97 99 96 95 98 100
8 56 54 95 96 62 61 101 102
8 54 53 78 95 61 60 88 101
8 95 78 86 98 101 88 92 103
8 96 95 98 100 102 101 103 104
8 99 97 105 106 100 98 107 108
8 97 85 109 105 98 86 110 107
8 105 109 111 112 107 110 113 114
8 106 105 112 115 108 107 114 116
8 100 98 107 108 104 103 117 118
8 98 86 110 107 103 92 119 117
8 107 110 113 114 117 119 120 121
8 108 107 114 116 118 117 121 122
8 85 82 123 109 86 84 124 110
8 82 81 125 123 84 83 126 124
8 123 125 127 128 124 126 129 130
8 109 123 128 111 110 124 130 113
8 86 84 124 110 92 91 131 119
8 84 83 126 124 91 90 132 131
8 124 126 129 130 131 132 133 134
8 110 124 130 113 119 131 134 120
8 18 19 20 21 135 136 137 138
8 19 22 23 20 136 139 140 137
8 20 23 24 25 137 140 141 142
8 21 20 25 26 138 137 142 143
8 135 136 137 138 144 145 146 147
8 136 139 140 137 145 148 149 146
8 137 140 141 142 146 149 150 151
8 138 137 142 143 147 146 151 152
8 39 40 41 42 153 154 155 156
8 40 18 21 41 154 135 138 155
8 41 21 26 43 155 138 143 157
8 42 41 43 44 156 155 157 158
8 153 154 155 156 159 160 161 162
8 154 135 138 155 160 144 147 161
8 155 138 143 157 161 147 152 163
8 156 155 157 158 162 161 163 164
8 144 145 146 147 165 166 167 168
8 145 148 149 146 166 169 170 167
8 146 149 150 151 167 170 171 172
8 147 146 151 152 168 167 172 173
8 165 166 167 168 174 175 176 177
8 166 169 170 167 175 178 179 176
8 167 170 171 172 176 179 180 181
8 168 167 172 173 177 176 181 182
8 159 160 161 162 183 184 185 186
8 160 144 147 161 184 165 168 185
8 161 147 152 163 185 168 173 187
8 162 161 163 164 186 185 187 188
8 183 184 185 186 189 190 191 192
8 184 165 168 185 190 174 177 191
8 185 168 173 187 191 177 182 193
8 186 185 187 188 192 191 193 194
8 104 103 117 118 195 196 197 198
8 103 92 119 117 196 199 200 197
8 117 119 120 121 197 200 201 202
8 118 117 121 122 198 197 202 203
8 195 196 197 198 204 205 206 207
8 92 91 131 119 199 208 209 200
8 91 90 132 131 208 210 211 209
8 131 132 133 134 209 211 212 213
8 119 131 134 120 200 209 213 201
8 208 210 211 209 214 215 216 217
8 204 205 206 207 218 219 220 221
8 218 219 220 221 222 223 224 225
8 219 226 227 220 223 228 229 224
8 220 227 230 231 224 229 232 233
8 221 220 231 234 225 224 233 235
8 214 215 216 217 236 237 238 239
8 226 236 239 227 228 240 241 229
8 236 237 238 239 240 242 243 241
8 239 238 244 245 241 243 246 247
8 227 239 245 230 229 241 247 232
8 174 175 176 177 248 249 250 251
8 175 178 179 176 249 252 253 250
8 176 179 180 181 250 253 254 255
8 177 176 181 182 251 250 255 256
8 248 249 250 251 257 258 259 260
8 249 252 253 250 258 261 262 259
8 250 253 254 255 259 262 263 264
8 251 250 255 256 260 259 264 265
8 189 190 191 192 266 267 268 269
8 190 174 177 191 267 248 251 268
8 191 177 182 193 268 251 256 270
8 192 191 193 194 269 268 270 271
8 266 267 268 269 272 273 274 275
8 267 248 251 268 273 257 260 274
8 268 251 256 270 274 260 265 276
8 269 268 270 271 275 274 276 277
8 194 193 278 279 271 270 280 281
8 193 182 282 278 270 256 283 280
8 278 282 284 285 280 283 286 287
8 279 278 285 288 281 280 287 289
8 271 270 280 281 277 276 290 291
8 270 256 283 280 276 265 292 290
8 280 283 286 287 290 292 293 294
8 281 280 287 289 291 290 294 295
8 182 181 296 282 256 255 297 283
8 181 180 298 296 255 254 299 297
8 296 298 300 301 297 299 302 303
8 282 296 301 284 283 297 303 286
8 256 255 297 283 265 264 304 292
8 255 254 299 297 264 263 305 304
8 297 299 302 303 304 305 306 307
8 283 297 303 286 292 304 307 293
8 284 301 308 309 286 303 310 311
8 301 300 312 308 303 302 313 310
8 308 312 242 240 310 313 314 315
8 309 308 240 228 311 310 315 316
8 286 303 310 311 293 307 317 318
8 303 302 313 310 307 306 319 317
8 310 313 314 315 317 319 320 321
8 311 310 315 316 318 317 321 322
8 288 285 323 324 289 287 325 326
8 285 284 309 323 287 286 311 325
8 323 309 228 223 325 311 316 327
8 324 323 223 222 326 325 327 328
8 289 287 325 326 295 294 329 330
8 287 286 311 325 294 293 318 329
8 325 311 316 327 329 318 322 331
8 326 325 327 328 330 329 331 332
8 222 223 224 225 328 327 333 334
8 223 228 229 224 327 316 335 333
8 224 229 232 233 333 335 336 337
8 225 224 233 235 334 333 337 338
8 328 327 333 334 332 331 339 340
8 327 316 335 333 331 322 341 339
8 333 335 336 337 339 341 342 343
8 334 333 337 338 340 339 343 344
8 228 240 241 229 316 315 345 335
8 240 242 243 241 315 314 346 345
8 241 243 246 247 345 346 347 348
8 229 241 247 232 335 345 348 336
8 316 315 345 335 322 321 349 341
8 315 314 346 345 321 320 350 349
8 345 346 347 348 349 350 351 352
8 335 345 348 336 341 349 352 342

CELL_TYPES 180

12
12
12
12
12
12
12
12
12
12
12
12
12
12
12
12
12
12
12
12
12
12
12
12
12
12
12
12
12
12

12
12
12
12
12
12
12
12
12
12
12
12
12
12
12
12
12
12
12
12
12
12
12
12
12
12
12
12
12
12

12
12
12
12
12
12
12
12
12
12
12
12
12
12
12
12
12
12
12
12
12
12
12
12
12
12
12
12
12
12

12
12
12
12
12
12
12
12
12
12
12
12
12
12
12
12
12
12
12
12
12
12
12
12
12
12
12
12
12
12

12
12
12
12
12
12
12
12
12
12
12
12
12
12
12
12
12
12
12
12
12
12
12
12
12
12
12
12
12
12

12
12
12
12
12
12
12
12
12
12
12
12
12
12
12
12
12
12
12
12
12
12
12
12
12
12
12
12
12
12
