# vtk DataFile Version 2.0
Unstructured Grid /home/joacaldo/memoria/data/out_profe/guide_s2
ASCII

DATASET UNSTRUCTURED_GRID
Points 354 float
 +0.00000000E+00 -2.82800000E+01 +4.96525000E+00 +0.00000000E+00 -2.63300190E+01 +7.62596253E+00
 +4.03995838E+00 -2.63299615E+01 +7.62592188E+00 +4.04023007E+00 -2.83842549E+01 +5.06126496E+00
 +0.00000000E+00 -2.42400000E+01 +4.96525000E+00 +0.00000000E+00 -2.42400000E+01 +9.00525000E+00
 +4.03788056E+00 -2.51098013E+01 +9.54024860E+00 +4.04000000E+00 -2.42400000E+01 +4.96525000E+00
 +8.00000000E+00 -2.63461519E+01 +7.61321123E+00 +8.00000000E+00 -2.82800000E+01 +4.96525000E+00
 +8.00000000E+00 -2.42400000E+01 +9.00525000E+00 +8.00000000E+00 -2.42400000E+01 +4.96525000E+00
 +0.00000000E+00 -3.14778326E+01 -2.33273276E+00 +0.00000000E+00 -3.23200000E+01 +9.25250000E-01
 +4.04001011E+00 -3.23335344E+01 +9.29202785E-01 +4.04000000E+00 -3.14778326E+01 -2.33273276E+00
 +0.00000000E+00 -2.82800000E+01 -3.11475000E+00 +0.00000000E+00 -2.82800000E+01 +9.25250000E-01
 +4.04000000E+00 -2.82800000E+01 +9.25250000E-01 +4.04000000E+00 -2.96072453E+01 -4.34719939E+00
 +5.48185537E-03 -3.06110267E+01 +2.92774853E+00 +4.04000000E+00 -3.05996075E+01 +2.94787087E+00
 +8.00000000E+00 -3.05996075E+01 +2.94787087E+00 +8.00000000E+00 -3.23200000E+01 +9.25250000E-01
 +8.00000000E+00 -2.82800000E+01 +9.25250000E-01 +8.00000000E+00 -3.14778326E+01 -2.33273276E+00
 +8.00000000E+00 -2.82800000E+01 -3.11475000E+00 +0.00000000E+00 -2.42400000E+01 -3.11475000E+00
 +0.00000000E+00 -2.42400000E+01 +9.25250000E-01 +4.04000000E+00 -2.42400000E+01 +9.25250000E-01
 +4.04000000E+00 -2.32599000E+01 -4.02510000E+00 +8.00000000E+00 -2.42400000E+01 +9.25250000E-01
 +8.00000000E+00 -2.42400000E+01 -3.11475000E+00 +0.00000000E+00 -2.02000000E+01 +4.96525000E+00
 +0.00000000E+00 -2.02000000E+01 +9.00525000E+00 +4.04000000E+00 -2.02000000E+01 +9.00525000E+00
 +4.04000000E+00 -2.02000000E+01 +4.96525000E+00 +0.00000000E+00 -2.35473747E+01 +1.27859302E+01
 +4.04179807E+00 -2.35552435E+01 +1.27698520E+01 +0.00000000E+00 -2.02000000E+01 +1.30452500E+01
 +4.04000000E+00 -2.02000000E+01 +1.30452500E+01 +8.00000000E+00 -2.35641900E+01 +1.27734501E+01
 +8.00000000E+00 -2.02000000E+01 +1.30452500E+01 +8.00000000E+00 -2.02000000E+01 +9.00525000E+00
 +8.00000000E+00 -2.02000000E+01 +4.96525000E+00 +0.00000000E+00 -1.61600000E+01 +4.96525000E+00
 +0.00000000E+00 -1.61600000E+01 +9.00525000E+00 +4.04000000E+00 -1.51376655E+01 +8.73130876E+00
 +4.04000000E+00 -1.57850000E+01 +4.96525000E+00 +0.00000000E+00 -1.61600000E+01 +1.30452500E+01
 +4.04000000E+00 -1.61600000E+01 +1.30452500E+01 +8.00000000E+00 -1.61600000E+01 +1.30452500E+01
 +8.00000000E+00 -1.61600000E+01 +9.00525000E+00 +8.00000000E+00 -1.61600000E+01 +4.96525000E+00
 +2.78420494E-01 -2.01457265E+01 -2.84082098E+00 +0.00000000E+00 -2.02000000E+01 +9.25250000E-01
 +4.04000000E+00 -2.02000000E+01 +9.25250000E-01 +4.04000319E+00 -2.01886726E+01 -3.05785947E+00
 +8.00000000E+00 -2.02000000E+01 +9.25250000E-01 +8.00000000E+00 -2.01887412E+01 -3.05793713E+00
 +0.00000000E+00 -1.61600000E+01 -3.11475000E+00 +0.00000000E+00 -1.61600000E+01 +9.25250000E-01
 +4.04000000E+00 -1.57850000E+01 +9.25250000E-01 +4.04000000E+00 -1.57850000E+01 -3.11475000E+00
 +8.00000000E+00 -1.61600000E+01 +9.25250000E-01 +8.00000000E+00 -1.61600000E+01 -3.11475000E+00
 +0.00000000E+00 -1.48670229E+01 +9.74133280E+00 +0.00000000E+00 -1.38569989E+01 +1.35106902E+01
 +4.04000000E+00 -1.38569989E+01 +1.35106902E+01 +4.04000000E+00 -1.48670229E+01 +9.74133280E+00
 +8.00000000E+00 -1.38569989E+01 +1.35106902E+01 +8.00000000E+00 -1.48670229E+01 +9.74133280E+00
 +0.00000000E+00 +1.48670229E+01 +9.74133280E+00 +0.00000000E+00 +1.38569989E+01 +1.35106902E+01
 +4.04000000E+00 +1.38569989E+01 +1.35106902E+01 +4.04000000E+00 +1.48670229E+01 +9.74133280E+00
 +0.00000000E+00 +1.61600000E+01 +9.00525000E+00 +0.00000000E+00 +1.61600000E+01 +1.30452500E+01
 +4.04000000E+00 +1.61600000E+01 +1.30452500E+01 +4.04000000E+00 +1.51376655E+01 +8.73130876E+00
 +8.00000000E+00 +1.38569989E+01 +1.35106902E+01 +8.00000000E+00 +1.48670229E+01 +9.74133280E+00
 +8.00000000E+00 +1.61600000E+01 +1.30452500E+01 +8.00000000E+00 +1.61600000E+01 +9.00525000E+00
 +0.00000000E+00 +1.61600000E+01 +4.96525000E+00 +4.04000000E+00 +1.57850000E+01 +4.96525000E+00
 +0.00000000E+00 +2.02000000E+01 +4.96525000E+00 +0.00000000E+00 +2.02000000E+01 +9.00525000E+00
 +4.04000000E+00 +2.02000000E+01 +9.00525000E+00 +4.04000000E+00 +2.02000000E+01 +4.96525000E+00
 +0.00000000E+00 +2.02000000E+01 +1.30452500E+01 +4.04000000E+00 +2.02000000E+01 +1.30452500E+01
 +8.00000000E+00 +2.02000000E+01 +1.30452500E+01 +8.00000000E+00 +2.02000000E+01 +9.00525000E+00
 +8.00000000E+00 +1.61600000E+01 +4.96525000E+00 +8.00000000E+00 +2.02000000E+01 +4.96525000E+00
 +0.00000000E+00 +2.42400000E+01 +4.96525000E+00 +0.00000000E+00 +2.42400000E+01 +9.00525000E+00
 +4.03831119E+00 +2.51124968E+01 +9.53194200E+00 +4.04000000E+00 +2.42400000E+01 +4.96525000E+00
 +0.00000000E+00 +2.35473747E+01 +1.27859302E+01 +4.04179807E+00 +2.35552435E+01 +1.27698520E+01
 +8.00000000E+00 +2.35641900E+01 +1.27734501E+01 +8.00000000E+00 +2.42400000E+01 +9.00525000E+00
 +8.00000000E+00 +2.42400000E+01 +4.96525000E+00 +0.00000000E+00 +1.61600000E+01 -3.11475000E+00
 +0.00000000E+00 +1.61600000E+01 +9.25250000E-01 +4.04000000E+00 +1.57850000E+01 +9.25250000E-01
 +4.04000000E+00 +1.57850000E+01 -3.11475000E+00 +2.78338087E-01 +2.01454812E+01 -2.84093641E+00
 +0.00000000E+00 +2.02000000E+01 +9.25250000E-01 +4.04000000E+00 +2.02000000E+01 +9.25250000E-01
 +4.04000319E+00 +2.01886989E+01 -3.05772385E+00 +8.00000000E+00 +1.61600000E+01 +9.25250000E-01
 +8.00000000E+00 +2.02000000E+01 +9.25250000E-01 +8.00000000E+00 +1.61600000E+01 -3.11475000E+00
 +8.00000000E+00 +2.01887412E+01 -3.05793713E+00 +0.00000000E+00 +2.42400000E+01 -3.11475000E+00
 +0.00000000E+00 +2.42400000E+01 +9.25250000E-01 +4.04000000E+00 +2.42400000E+01 +9.25250000E-01
 +4.04000000E+00 +2.32599000E+01 -4.02510000E+00 +8.00000000E+00 +2.42400000E+01 +9.25250000E-01
 +8.00000000E+00 +2.42400000E+01 -3.11475000E+00 +0.00000000E+00 +2.82800000E+01 +4.96525000E+00
 +4.92713938E-03 +2.63300273E+01 +7.62596839E+00 +4.03995843E+00 +2.63462079E+01 +7.61325159E+00
 +4.04023007E+00 +2.83842549E+01 +5.06126496E+00 +8.00000000E+00 +2.63461519E+01 +7.61321123E+00
 +8.00000000E+00 +2.82800000E+01 +4.96525000E+00 +0.00000000E+00 +2.82800000E+01 -3.11475000E+00
 +0.00000000E+00 +2.82800000E+01 +9.25250000E-01 +4.04000000E+00 +2.82800000E+01 +9.25250000E-01
 +4.04000000E+00 +2.96072453E+01 -4.34719939E+00 +8.00000000E+00 +2.82800000E+01 +9.25250000E-01
 +8.00000000E+00 +2.82800000E+01 -3.11475000E+00 +0.00000000E+00 +3.14778326E+01 -2.33273276E+00
 +0.00000000E+00 +3.23200000E+01 +9.25250000E-01 +4.04001011E+00 +3.23335344E+01 +9.29202785E-01
 +4.04000000E+00 +3.14778326E+01 -2.33273276E+00 +0.00000000E+00 +3.06110194E+01 +2.92773988E+00
 +4.04437838E+00 +3.05953792E+01 +2.94291271E+00 +8.00000000E+00 +3.05996075E+01 +2.94787087E+00
 +8.00000000E+00 +3.23200000E+01 +9.25250000E-01 +8.00000000E+00 +3.14778326E+01 -2.33273276E+00
 -8.00000000E+00 -1.80946214E+01 +2.28288424E+01 -8.00000000E+00 -1.93794000E+01 +2.53556000E+01
 -4.04037234E+00 -1.93832601E+01 +2.53774094E+01 -4.04272921E+00 -1.81485868E+01 +2.28968272E+01
 -8.00000000E+00 -1.60528002E+01 +2.14049062E+01 -8.00000000E+00 -1.61600000E+01 +2.51652500E+01
 -4.04000000E+00 -1.61600000E+01 +2.51652500E+01 -4.04017491E+00 -1.60466779E+01 +2.13993714E+01
 -8.00000000E+00 -1.90247000E+01 +2.87359000E+01 -4.04060835E+00 -1.90454475E+01 +2.86852065E+01
 -8.00000000E+00 -1.61600000E+01 +2.92052500E+01 -4.04085232E+00 -1.74398008E+01 +3.07840004E+01
 -6.09284649E-04 -1.90436778E+01 +2.86844094E+01 +0.00000000E+00 -2.00616141E+01 +2.51281692E+01
 -8.53033481E-04 -1.74408677E+01 +3.07853165E+01 +0.00000000E+00 -1.61600000E+01 +2.51652500E+01
 +0.00000000E+00 -2.02000000E+01 +2.11252500E+01 +0.00000000E+00 -1.61600000E+01 +2.11252500E+01
 +4.04000000E+00 -2.00616141E+01 +2.51281692E+01 +4.04000000E+00 -2.10716228E+01 +2.13588030E+01
 +4.04000000E+00 -1.61600000E+01 +2.51652500E+01 +4.04000000E+00 -1.61600000E+01 +2.11252500E+01
 +4.03938978E+00 -1.90419081E+01 +2.86836123E+01 +4.04091445E+00 -1.74975432E+01 +3.07391157E+01
 +8.00000000E+00 -1.90401732E+01 +2.86828308E+01 +8.00000000E+00 -2.00616141E+01 +2.51281692E+01
 +8.00000000E+00 -1.61600000E+01 +2.92052500E+01 +8.00000000E+00 -1.61600000E+01 +2.51652500E+01
 +8.00000000E+00 -2.02000000E+01 +2.11252500E+01 +8.00000000E+00 -1.61600000E+01 +2.11252500E+01
 +0.00000000E+00 -2.23522653E+01 +1.65794280E+01 +4.04000000E+00 -2.23522653E+01 +1.65794280E+01
 +0.00000000E+00 -2.02000000E+01 +1.70852500E+01 +4.04000000E+00 -2.20816315E+01 +1.75894367E+01
 +8.00000000E+00 -2.23522653E+01 +1.65794280E+01 +8.00000000E+00 -2.02000000E+01 +1.70852500E+01
 +0.00000000E+00 -1.61600000E+01 +1.70852500E+01 +4.04000000E+00 -1.61600000E+01 +1.70852500E+01
 +8.00000000E+00 -1.61600000E+01 +1.70852500E+01 -8.00000000E+00 -1.21200000E+01 +2.11252500E+01
 -8.00000000E+00 -1.21200000E+01 +2.51652500E+01 -4.04000000E+00 -1.21200000E+01 +2.51652500E+01
 -4.04000000E+00 -1.21200000E+01 +2.10000000E+01 -8.00000000E+00 -1.21200000E+01 +2.92052500E+01
 -4.04000000E+00 -1.21200000E+01 +2.92052500E+01 +0.00000000E+00 -1.21200000E+01 +2.92052500E+01
 +0.00000000E+00 -1.21200000E+01 +2.51652500E+01 +0.00000000E+00 -1.21200000E+01 +2.10000000E+01
 -8.00000000E+00 -8.08000000E+00 +2.11252500E+01 -8.00000000E+00 -8.08000000E+00 +2.51652500E+01
 -4.04000000E+00 -8.08000000E+00 +2.51652500E+01 -4.04000000E+00 -8.08000000E+00 +2.10000000E+01
 -8.00000000E+00 -8.08000000E+00 +2.92052500E+01 -4.04000000E+00 -8.08000000E+00 +2.92052500E+01
 +2.00000000E+00 -8.08000000E+00 +2.92052500E+01 +2.00000000E+00 -8.08000000E+00 +2.51652500E+01
 +0.00000000E+00 -8.08000000E+00 +2.10000000E+01 +4.04000000E+00 -1.21200000E+01 +2.51652500E+01
 +4.04000000E+00 -1.12501030E+01 +2.05724747E+01 +4.04000000E+00 -1.21200000E+01 +2.92052500E+01
 +8.00000000E+00 -1.21200000E+01 +2.92052500E+01 +8.00000000E+00 -1.21200000E+01 +2.51652500E+01
 +8.00000000E+00 -1.21200000E+01 +2.11252500E+01 +4.04002818E+00 -8.63499859E+00 +2.52936492E+01
 +2.00000000E+00 -8.08000000E+00 +2.11252500E+01 +4.04086362E+00 -8.99786034E+00 +2.87690288E+01
 +8.00000000E+00 -8.99055622E+00 +2.87581468E+01 +8.00000000E+00 -8.64329797E+00 +2.52733939E+01
 +8.00000000E+00 -1.00880148E+01 +2.24012413E+01 +0.00000000E+00 -1.28469748E+01 +1.72800477E+01
 +4.04000000E+00 -1.28469748E+01 +1.72800477E+01 +8.00000000E+00 -1.28469748E+01 +1.72800477E+01
 -8.00000000E+00 -4.04000000E+00 +2.11252500E+01 -8.00000000E+00 -4.04000000E+00 +2.51652500E+01
 -4.04000000E+00 -4.04000000E+00 +2.51652500E+01 -4.04000000E+00 -4.04000000E+00 +2.10000000E+01
 -8.00000000E+00 -4.04000000E+00 +2.92052500E+01 -4.04000000E+00 -4.04000000E+00 +2.92052500E+01
 +2.00000000E+00 -4.04000000E+00 +2.92052500E+01 +2.00000000E+00 -4.04000000E+00 +2.51652500E+01
 +0.00000000E+00 -4.04000000E+00 +2.10000000E+01 -8.00000000E+00 +0.00000000E+00 +2.11252500E+01
 -8.00000000E+00 +0.00000000E+00 +2.51652500E+01 -4.04000000E+00 +0.00000000E+00 +2.51652500E+01
 -4.04000000E+00 +0.00000000E+00 +2.10000000E+01 -8.00000000E+00 +0.00000000E+00 +2.92052500E+01
 -4.04000000E+00 +0.00000000E+00 +2.92052500E+01 +2.00000000E+00 +0.00000000E+00 +2.92052500E+01
 +2.00000000E+00 +0.00000000E+00 +2.51652500E+01 +0.00000000E+00 +0.00000000E+00 +2.10000000E+01
 -8.00000000E+00 +4.04000000E+00 +2.11252500E+01 -8.00000000E+00 +4.04000000E+00 +2.51652500E+01
 -4.04000000E+00 +4.04000000E+00 +2.51652500E+01 -4.04000000E+00 +4.04000000E+00 +2.10000000E+01
 -8.00000000E+00 +4.04000000E+00 +2.92052500E+01 -4.04000000E+00 +4.04000000E+00 +2.92052500E+01
 +2.00000000E+00 +4.04000000E+00 +2.92052500E+01 +2.00000000E+00 +4.04000000E+00 +2.51652500E+01
 +0.00000000E+00 +4.04000000E+00 +2.10000000E+01 -8.00000000E+00 +8.08000000E+00 +2.11252500E+01
 -8.00000000E+00 +8.08000000E+00 +2.51652500E+01 -4.04000000E+00 +8.08000000E+00 +2.51652500E+01
 -4.04000000E+00 +8.08000000E+00 +2.10000000E+01 -8.00000000E+00 +8.08000000E+00 +2.92052500E+01
 -4.04000000E+00 +8.08000000E+00 +2.92052500E+01 +2.00000000E+00 +8.08000000E+00 +2.92052500E+01
 +2.00000000E+00 +8.08000000E+00 +2.51652500E+01 +0.00000000E+00 +8.08000000E+00 +2.10000000E+01
 -8.00000000E+00 +1.21200000E+01 +2.11252500E+01 -8.00000000E+00 +1.21200000E+01 +2.51652500E+01
 -4.04000000E+00 +1.21200000E+01 +2.51652500E+01 -4.04000000E+00 +1.21200000E+01 +2.10000000E+01
 -8.00000000E+00 +1.21200000E+01 +2.92052500E+01 -4.04000000E+00 +1.21200000E+01 +2.92052500E+01
 +0.00000000E+00 +1.21200000E+01 +2.92052500E+01 +0.00000000E+00 +1.21200000E+01 +2.51652500E+01
 +0.00000000E+00 +1.21200000E+01 +2.10000000E+01 -8.00000000E+00 +1.60528002E+01 +2.14049062E+01
 -8.00000000E+00 +1.61600000E+01 +2.51652500E+01 -4.04000000E+00 +1.61600000E+01 +2.51652500E+01
 -4.04017491E+00 +1.60466779E+01 +2.13993714E+01 -8.00000000E+00 +1.61600000E+01 +2.92052500E+01
 -4.04085232E+00 +1.74398008E+01 +3.07840004E+01 -8.53033481E-04 +1.74408677E+01 +3.07853165E+01
 +0.00000000E+00 +1.61600000E+01 +2.51652500E+01 +0.00000000E+00 +1.61600000E+01 +2.11252500E+01
 +4.04002818E+00 +8.63499859E+00 +2.52936492E+01 +2.00000000E+00 +8.08000000E+00 +2.11252500E+01
 +4.04000000E+00 +1.21200000E+01 +2.51652500E+01 +4.04000000E+00 +1.12501030E+01 +2.05724747E+01
 +4.04086362E+00 +8.99786034E+00 +2.87690288E+01 +4.04000000E+00 +1.21200000E+01 +2.92052500E+01
 +8.00000000E+00 +8.99055622E+00 +2.87581468E+01 +8.00000000E+00 +8.64329797E+00 +2.52733939E+01
 +8.00000000E+00 +1.21200000E+01 +2.92052500E+01 +8.00000000E+00 +1.21200000E+01 +2.51652500E+01
 +8.00000000E+00 +1.00880148E+01 +2.24012413E+01 +8.00000000E+00 +1.21200000E+01 +2.11252500E+01
 +4.04000000E+00 +1.61600000E+01 +2.51652500E+01 +4.04000000E+00 +1.61600000E+01 +2.11252500E+01
 +4.04091445E+00 +1.74975432E+01 +3.07391157E+01 +8.00000000E+00 +1.61600000E+01 +2.92052500E+01
 +8.00000000E+00 +1.61600000E+01 +2.51652500E+01 +8.00000000E+00 +1.61600000E+01 +2.11252500E+01
 +0.00000000E+00 +1.28469748E+01 +1.72800477E+01 +4.04000000E+00 +1.28469748E+01 +1.72800477E+01
 +0.00000000E+00 +1.61600000E+01 +1.70852500E+01 +4.04000000E+00 +1.61600000E+01 +1.70852500E+01
 +8.00000000E+00 +1.28469748E+01 +1.72800477E+01 +8.00000000E+00 +1.61600000E+01 +1.70852500E+01
 -8.00000000E+00 +1.80946214E+01 +2.28288424E+01 -8.00000000E+00 +1.93794000E+01 +2.53556000E+01
 -4.04037234E+00 +1.93832601E+01 +2.53774094E+01 -4.04272921E+00 +1.81485868E+01 +2.28968272E+01
 -8.00000000E+00 +1.90247000E+01 +2.87359000E+01 -4.04060835E+00 +1.90454475E+01 +2.86852065E+01
 -6.09284649E-04 +1.90436778E+01 +2.86844094E+01 +0.00000000E+00 +2.00616141E+01 +2.51281692E+01
 +0.00000000E+00 +2.02000000E+01 +2.11252500E+01 +4.04000000E+00 +2.00616141E+01 +2.51281692E+01
 +4.04000000E+00 +2.10716228E+01 +2.13588030E+01 +4.03938978E+00 +1.90419081E+01 +2.86836123E+01
 +8.00000000E+00 +1.90401732E+01 +2.86828308E+01 +8.00000000E+00 +2.00616141E+01 +2.51281692E+01
 +8.00000000E+00 +2.02000000E+01 +2.11252500E+01 +0.00000000E+00 +2.02000000E+01 +1.70852500E+01
 +4.04000000E+00 +2.20816315E+01 +1.75894367E+01 +8.00000000E+00 +2.02000000E+01 +1.70852500E+01
 +0.00000000E+00 +2.23522653E+01 +1.65794280E+01 +4.04000000E+00 +2.23522653E+01 +1.65794280E+01
 +8.00000000E+00 +2.23522653E+01 +1.65794280E+01 -8.00000000E+00 -1.56999000E+01 +3.17304600E+01
 -4.04056932E+00 -1.57123917E+01 +3.17252983E+01 -8.00000000E+00 -1.21200000E+01 +3.20000000E+01
 -4.04000000E+00 -1.21200000E+01 +3.20000000E+01 -5.69841725E-04 -1.57119817E+01 +3.17239058E+01
 +0.00000000E+00 -1.21200000E+01 +3.20000000E+01 -8.00000000E+00 -8.08000000E+00 +3.20000000E+01
 -4.04000000E+00 -8.08000000E+00 +3.20000000E+01 +0.00000000E+00 -8.08000000E+00 +3.20000000E+01
 +4.03942964E+00 -1.57115716E+01 +3.17225133E+01 +4.04235987E+00 -1.25615302E+01 +3.18046543E+01
 +8.00000000E+00 -1.57111696E+01 +3.17211482E+01 +8.00000000E+00 -1.24976975E+01 +3.17840753E+01
 +2.00000000E+00 -8.08000000E+00 +3.20000000E+01 +8.00000000E+00 -1.03036000E+01 +3.05723200E+01
 -8.00000000E+00 -4.04000000E+00 +3.32452500E+01 -4.03999442E+00 -3.57644345E+00 +3.39917186E+01
 -5.21133255E-06 -3.57632014E+00 +3.39916276E+01 -8.00000000E+00 -1.24408455E-02 +3.30006827E+01
 -4.04000122E+00 -1.24418471E-02 +3.30006630E+01 -1.21940116E-06 -1.24428690E-02 +3.30006429E+01
 -8.00000000E+00 +4.04000000E+00 +3.32452500E+01 -4.04000325E+00 +3.57632566E+00 +3.39916187E+01
 -3.24716621E-06 +3.57631778E+00 +3.39916314E+01 -8.00000000E+00 +8.08000000E+00 +3.20000000E+01
 -4.04000000E+00 +8.08000000E+00 +3.20000000E+01 +0.00000000E+00 +8.08000000E+00 +3.20000000E+01
 -8.00000000E+00 +1.21200000E+01 +3.20000000E+01 -4.04000000E+00 +1.21200000E+01 +3.20000000E+01
 +0.00000000E+00 +1.21200000E+01 +3.20000000E+01 -8.00000000E+00 +1.56999000E+01 +3.17304600E+01
 -4.04056932E+00 +1.57123917E+01 +3.17252983E+01 -5.69841725E-04 +1.57119817E+01 +3.17239058E+01
 +2.00000000E+00 +8.08000000E+00 +3.20000000E+01 +4.04235987E+00 +1.25615302E+01 +3.18046543E+01
 +8.00000000E+00 +1.03036000E+01 +3.05723200E+01 +8.00000000E+00 +1.24976975E+01 +3.17840753E+01
 +4.03942964E+00 +1.57115716E+01 +3.17225133E+01 +8.00000000E+00 +1.57111696E+01 +3.17211482E+01

CELLS 164 1476
8 0 1 2 3 4 5 6 7
8 3 2 8 9 7 6 10 11
8 12 13 14 15 16 17 18 19
8 13 20 21 14 17 0 3 18
8 14 21 22 23 18 3 9 24
8 15 14 23 25 19 18 24 26
8 16 17 18 19 27 28 29 30
8 17 0 3 18 28 4 7 29
8 18 3 9 24 29 7 11 31
8 19 18 24 26 30 29 31 32
8 4 5 6 7 33 34 35 36
8 5 37 38 6 34 39 40 35
8 6 38 41 10 35 40 42 43
8 7 6 10 11 36 35 43 44
8 33 34 35 36 45 46 47 48
8 34 39 40 35 46 49 50 47
8 35 40 42 43 47 50 51 52
8 36 35 43 44 48 47 52 53
8 27 28 29 30 54 55 56 57
8 28 4 7 29 55 33 36 56
8 29 7 11 31 56 36 44 58
8 30 29 31 32 57 56 58 59
8 54 55 56 57 60 61 62 63
8 55 33 36 56 61 45 48 62
8 56 36 44 58 62 48 53 64
8 57 56 58 59 63 62 64 65
8 46 49 50 47 66 67 68 69
8 47 50 51 52 69 68 70 71
8 72 73 74 75 76 77 78 79
8 75 74 80 81 79 78 82 83
8 84 76 79 85 86 87 88 89
8 76 77 78 79 87 90 91 88
8 79 78 82 83 88 91 92 93
8 85 79 83 94 89 88 93 95
8 86 87 88 89 96 97 98 99
8 87 90 91 88 97 100 101 98
8 88 91 92 93 98 101 102 103
8 89 88 93 95 99 98 103 104
8 105 106 107 108 109 110 111 112
8 106 84 85 107 110 86 89 111
8 107 85 94 113 111 89 95 114
8 108 107 113 115 112 111 114 116
8 109 110 111 112 117 118 119 120
8 110 86 89 111 118 96 99 119
8 111 89 95 114 119 99 104 121
8 112 111 114 116 120 119 121 122
8 96 97 98 99 123 124 125 126
8 99 98 103 104 126 125 127 128
8 117 118 119 120 129 130 131 132
8 118 96 99 119 130 123 126 131
8 119 99 104 121 131 126 128 133
8 120 119 121 122 132 131 133 134
8 129 130 131 132 135 136 137 138
8 130 123 126 131 136 139 140 137
8 131 126 128 133 137 140 141 142
8 132 131 133 134 138 137 142 143
8 144 145 146 147 148 149 150 151
8 145 152 153 146 149 154 155 150
8 146 153 156 157 150 155 158 159
8 147 146 157 160 151 150 159 161
8 160 157 162 163 161 159 164 165
8 157 156 166 162 159 158 167 164
8 162 166 168 169 164 167 170 171
8 163 162 169 172 165 164 171 173
8 37 174 175 38 39 176 177 40
8 38 175 178 41 40 177 179 42
8 39 176 177 40 49 180 181 50
8 176 160 163 177 180 161 165 181
8 177 163 172 179 181 165 173 182
8 40 177 179 42 50 181 182 51
8 148 149 150 151 183 184 185 186
8 149 154 155 150 184 187 188 185
8 150 155 158 159 185 188 189 190
8 151 150 159 161 186 185 190 191
8 183 184 185 186 192 193 194 195
8 184 187 188 185 193 196 197 194
8 185 188 189 190 194 197 198 199
8 186 185 190 191 195 194 199 200
8 161 159 164 165 191 190 201 202
8 159 158 167 164 190 189 203 201
8 164 167 170 171 201 203 204 205
8 165 164 171 173 202 201 205 206
8 191 190 201 202 200 199 207 208
8 190 189 203 201 199 198 209 207
8 201 203 204 205 207 209 210 211
8 202 201 205 206 208 207 211 212
8 49 180 181 50 67 213 214 68
8 180 161 165 181 213 191 202 214
8 181 165 173 182 214 202 206 215
8 50 181 182 51 68 214 215 70
8 192 193 194 195 216 217 218 219
8 193 196 197 194 217 220 221 218
8 194 197 198 199 218 221 222 223
8 195 194 199 200 219 218 223 224
8 216 217 218 219 225 226 227 228
8 217 220 221 218 226 229 230 227
8 218 221 222 223 227 230 231 232
8 219 218 223 224 228 227 232 233
8 225 226 227 228 234 235 236 237
8 226 229 230 227 235 238 239 236
8 227 230 231 232 236 239 240 241
8 228 227 232 233 237 236 241 242
8 234 235 236 237 243 244 245 246
8 235 238 239 236 244 247 248 245
8 236 239 240 241 245 248 249 250
8 237 236 241 242 246 245 250 251
8 243 244 245 246 252 253 254 255
8 244 247 248 245 253 256 257 254
8 245 248 249 250 254 257 258 259
8 246 245 250 251 255 254 259 260
8 252 253 254 255 261 262 263 264
8 253 256 257 254 262 265 266 263
8 254 257 258 259 263 266 267 268
8 255 254 259 260 264 263 268 269
8 251 250 270 271 260 259 272 273
8 250 249 274 270 259 258 275 272
8 270 274 276 277 272 275 278 279
8 271 270 277 280 273 272 279 281
8 260 259 272 273 269 268 282 283
8 259 258 275 272 268 267 284 282
8 272 275 278 279 282 284 285 286
8 273 272 279 281 283 282 286 287
8 73 288 289 74 77 290 291 78
8 288 260 273 289 290 269 283 291
8 289 273 281 292 291 283 287 293
8 74 289 292 80 78 291 293 82
8 261 262 263 264 294 295 296 297
8 262 265 266 263 295 298 299 296
8 263 266 267 268 296 299 300 301
8 264 263 268 269 297 296 301 302
8 269 268 282 283 302 301 303 304
8 268 267 284 282 301 300 305 303
8 282 284 285 286 303 305 306 307
8 283 282 286 287 304 303 307 308
8 77 290 291 78 90 309 310 91
8 290 269 283 291 309 302 304 310
8 291 283 287 293 310 304 308 311
8 78 291 293 82 91 310 311 92
8 90 309 310 91 100 312 313 101
8 91 310 311 92 101 313 314 102
8 154 315 316 155 187 317 318 188
8 155 316 319 158 188 318 320 189
8 187 317 318 188 196 321 322 197
8 188 318 320 189 197 322 323 198
8 158 319 324 167 189 320 325 203
8 167 324 326 170 203 325 327 204
8 189 320 325 203 198 323 328 209
8 203 325 327 204 209 328 329 210
8 196 321 322 197 220 330 331 221
8 197 322 323 198 221 331 332 222
8 220 330 331 221 229 333 334 230
8 221 331 332 222 230 334 335 231
8 229 333 334 230 238 336 337 239
8 230 334 335 231 239 337 338 240
8 238 336 337 239 247 339 340 248
8 239 337 338 240 248 340 341 249
8 247 339 340 248 256 342 343 257
8 248 340 341 249 257 343 344 258
8 256 342 343 257 265 345 346 266
8 257 343 344 258 266 346 347 267
8 249 341 348 274 258 344 349 275
8 274 348 350 276 275 349 351 278
8 258 344 349 275 267 347 352 284
8 275 349 351 278 284 352 353 285

CELL_TYPES 164

12
12
12
12
12
12
12
12
12
12
12
12
12
12
12
12
12
12
12
12
12
12
12
12
12
12
12
12
12
12

12
12
12
12
12
12
12
12
12
12
12
12
12
12
12
12
12
12
12
12
12
12
12
12
12
12
12
12
12
12

12
12
12
12
12
12
12
12
12
12
12
12
12
12
12
12
12
12
12
12
12
12
12
12
12
12
12
12
12
12

12
12
12
12
12
12
12
12
12
12
12
12
12
12
12
12
12
12
12
12
12
12
12
12
12
12
12
12
12
12

12
12
12
12
12
12
12
12
12
12
12
12
12
12
12
12
12
12
12
12
12
12
12
12
12
12
12
12
12
12

12
12
12
12
12
12
12
12
12
12
12
12
12
12
